-1.725696680865036114e+03
-1.415516126976495798e+03
-1.098336983253205744e+03
-1.451516291000481488e+03
-1.403062481701970228e+03
-1.798829649008172964e+03
-1.050320485382400648e+03
-1.209010122610661710e+03
-1.496422857878587820e+03
-1.326325504218345031e+03
-1.397278991831705071e+03
-1.189780489570526925e+03
-1.132311635946613478e+03
-1.519861450621403037e+03
-1.235743034382446467e+03
-1.043857166079975514e+03
-1.045819501911754514e+03
-1.261206227613919509e+03
-1.061704623060506492e+03
-1.108015168898864886e+03
-1.290038422404762514e+03
-1.654407621924809973e+03
-1.081432279556564481e+03
-6.314027086532036037e+02
-9.267265095821385330e+02
-1.192956363635852540e+03
-1.122638871165911269e+03
-1.149777464849420767e+03
-1.200154977645980580e+03
-1.424970163036713529e+03
-1.558348589440874321e+03
-1.121229517857435440e+03
-1.159826218027088998e+03
-1.056748857038180859e+03
-1.488895454232939301e+03
-1.172018085253809659e+03
-1.213159587617445368e+03
-8.974928990195477354e+02
-1.213984624010863854e+03
-1.134237464603360877e+03
-1.288525761007698975e+03
-1.290427778903920171e+03
-1.012390494361081778e+03
-8.847171844767359516e+02
-8.882207880954354096e+02
-1.233111023937705340e+03
-8.761166112354853794e+02
-1.169614905369784765e+03
-9.821234290005012326e+02
-1.271199997868965283e+03
-1.178529252109208528e+03
-9.381002726672912786e+02
-1.226694409538588843e+03
-1.058573301435250642e+03
-8.614137299851727221e+02
-1.157547944986480616e+03
-1.015230677482339502e+03
-8.769341141010827414e+02
-9.115648201635508485e+02
-1.018756313431091598e+03
-8.679166698483816162e+02
-1.129487921604195435e+03
-9.434903165494545192e+02
-1.090420314003988324e+03
-6.256674423632454136e+02
-1.124638362847294729e+03
-1.141216866164406838e+03
-1.243023047917206441e+03
-1.244610346086924665e+03
-1.032785683874099050e+03
-1.118744257105018505e+03
-9.983796528831611568e+02
-8.684835334069193777e+02
-1.292516909550557784e+03
-9.771490517808138065e+02
-1.095829421022742736e+03
-7.455569848820819061e+02
-8.805595419567639510e+02
-8.634387190614977499e+02
-9.742482671956790909e+02
-1.150838351689533283e+03
-9.993784050989888783e+02
-9.672292451421275246e+02
-1.240345556724422295e+03
-9.012266118364997283e+02
-7.596683201716851954e+02
-1.034382606730136104e+03
-8.269756354928337032e+02
-9.862125445625176781e+02
-1.185522816284523969e+03
-1.214114163031981434e+03
-1.152503562857729548e+03
-8.943444836876661839e+02
-8.722063627679839328e+02
-1.058198610795657260e+03
-9.965417486232475994e+02
-1.030731747301435007e+03
-8.658756337843672100e+02
-1.000547764630919119e+03
-9.593620172910242445e+02
-8.792817546032529208e+02
-8.664187814452185421e+02
-8.738499593187543724e+02
-7.725671119441922201e+02
-9.670305025404559274e+02
-8.490797548127137588e+02
-9.800846738385824892e+02
-7.527689594707388778e+02
-6.220372215693270164e+02
-5.055551560321904390e+02
-9.888322303063310983e+02
-8.978457069384274973e+02
-7.423562003857141463e+02
-8.821330157126433278e+02
-1.053400171141851843e+03
-8.352478307244645066e+02
-1.158707707779658676e+03
-7.360034242241790707e+02
-1.056130166993298189e+03
-7.805664588170272964e+02
-8.896940407414975880e+02
-1.034536932308360520e+03
-9.280694022660020437e+02
-7.731812920874959900e+02
-9.184831820742965647e+02
-8.779880187035336121e+02
-8.625930201097926329e+02
-5.486998539029631274e+02
-9.312263726211967878e+02
-8.930807681790436163e+02
-9.561603261619915202e+02
-9.036102039632979768e+02
-6.137933285878730203e+02
-7.520980425829334308e+02
-7.455872720268264402e+02
-9.145889246026051751e+02
-1.000705991964607051e+03
-7.581275192269507670e+02
-9.259491733057120655e+02
-9.168119180113526454e+02
-6.071173394406501984e+02
-8.700405815549182762e+02
-1.032205758937185237e+03
-9.592628770277356125e+02
-1.122394517563413046e+03
-7.695850669887705635e+02
-9.812226962633670837e+02
-9.143031334801599996e+02
-8.614883273010644871e+02
-7.415603036269544646e+02
-8.849680026138759104e+02
-9.458356728886425344e+02
-8.115884412337793492e+02
-7.588613804114945651e+02
-8.833264460258435520e+02
-8.953069464817948528e+02
-1.014867471274422542e+03
-9.921275010362045350e+02
-8.763018577968593945e+02
-7.529706060974942829e+02
-6.319601391687745036e+02
-7.731495059248339885e+02
-6.406846054516593085e+02
-9.554024510450078651e+02
-8.886709201781040974e+02
-1.009905154276700159e+03
-8.327802860685064843e+02
-7.157957242587482369e+02
-7.566305266782629815e+02
-5.301949159944069834e+02
-6.403051616786575551e+02
-8.712765442750689999e+02
-8.469076517332987351e+02
-8.833676391143269484e+02
-6.372846556135129958e+02
-7.539977800512790509e+02
-8.999601095774636406e+02
-8.798187546794911214e+02
-9.452492237166018185e+02
-9.250170239939614021e+02
-5.985604145238761475e+02
-5.753339791494666997e+02
-8.795443512459656858e+02
-7.514389815151922676e+02
-9.524961975337714648e+02
-6.416177767252083868e+02
-8.587824144331327716e+02
-5.832926295839921522e+02
-6.357418365971213916e+02
-3.864702039985825763e+02
-7.495283436947620430e+02
-8.780808335067064263e+02
-7.651045849050764218e+02
-8.832532890966858758e+02
-7.638890423545253725e+02
-5.068494929774303728e+02
-6.386843419797539809e+02
-6.216093163086942468e+02
-6.446514759992551262e+02
-8.806279298952915724e+02
-9.636334486206612837e+02
-7.352078750418008894e+02
-6.388100824901649730e+02
-5.876261339494278673e+02
-7.593105255320481319e+02
-6.468548771348663422e+02
-5.173231903392277218e+02
-7.646128049387209558e+02
-8.874222747736957899e+02
-6.313048236530082704e+02
-3.648436257389730031e+02
-7.473611426657847687e+02
-9.043673982871246153e+02
-6.315665052205989696e+02
-5.104220490753398281e+02
-5.033732774039474407e+02
-7.818684878661481434e+02
-1.003138894821964072e+03
-9.163701123700271864e+02
-7.339798666648970311e+02
-3.772839873001292403e+02
-8.843531301695811635e+02
-8.542967226050129739e+02
-5.422308911667741995e+02
-6.538173671005295091e+02
-6.367017694547054134e+02
-6.409446170510800584e+02
-9.027517000283970674e+02
-7.762589561626832619e+02
-6.528999979729796905e+02
-3.843309833515989453e+02
-3.852673636689273167e+02
-2.591221034984055223e+02
-7.637691860655280607e+02
-5.003647849827646610e+02
-1.046705423048410921e+03
-7.539844113823033922e+02
-8.479310740971972109e+02
-5.539268593165259063e+02
-6.689613991834223725e+02
-7.719860302200428350e+02
-9.021571356989247761e+02
-7.818601329183090911e+02
-7.417245330124080738e+02
-6.710885583227540110e+02
-3.842921096764992512e+02
-3.880737187454429886e+02
-8.897733313388851002e+02
-9.334365908529457556e+02
-9.202612479124095444e+02
-3.819627695710854596e+02
-7.485172859297314290e+02
-9.315488513296594419e+02
-7.831608411624800965e+02
-3.909402140510495656e+02
-1.073622438569459973e+03
-8.747308395563146632e+02
-9.331391663747600660e+02
-9.132025387082337602e+02
-1.195300329087696127e+03
-1.073240761892856426e+03
-6.334615533043614732e+02
-1.046827376486838148e+03
-1.059378254327790273e+03
-6.125520711569308787e+02
-1.140398350814493369e+03
-5.195756671959903770e+02
-9.986906291027670477e+02
-9.554653515232184873e+02
-7.930927827017113714e+02
-6.530225749066496519e+02
-3.880595824235214764e+02
-7.688486266645504656e+02
-6.479518392450016790e+02
-8.696752257712229266e+02
-3.870999083895837884e+02
-5.138968189659480004e+02
-5.951602475143293987e+02
-7.691098573594314303e+02
-6.381128033400794948e+02
-5.133238506962029533e+02
-7.676120953186790530e+02
-7.716445291375008537e+02
-3.196258555363204579e+00
-6.524808442568503324e+02
-8.933164508265457471e+02
-9.140827033515402036e+02
-8.778528227645903144e+02
-6.570690372452037309e+02
-1.329912412380950855e+02
-5.107253083723807094e+02
-3.892733216570910599e+02
-2.629017725605935993e+02
-1.003145583506503272e+03
-1.819635629475748750e+00
-2.593454468475756016e+02
-1.042320266761717221e+03
-2.541872856314256524e+02
-1.334539150862668748e+02
-2.616321610909168385e+02
-5.216964033715851201e+02
-6.468699663012333758e+02
-3.868573047335356705e+02
-8.835113396574588478e+02
-3.970665120106992276e+02
-3.884073886394165811e+02
-5.093730691924515099e+02
-1.090497003613378865e+03
-4.914565599887276903e+02
-2.589456817367363897e+02
-7.555831293240422610e+02
-3.853570285301718172e+02
-6.475509774184957905e+02
-6.384270033260193031e+02
-3.925242635726921208e+02
-1.318694988860986257e+02
-2.668611495007187955e+02
-3.892261687437550677e+02
-7.648336329515667558e+02
-1.033848261220081667e+03
-1.029847653433493178e+03
-5.411001109630975634e+02
-3.587527683188562264e+02
-7.781618796839768493e+02
-2.566748504649715414e+02
-3.958116616794006859e+02
-3.886518095913079378e+02
-2.624676018743842860e+02
-2.612256688439111372e+02
-2.614051444712418402e+02
-1.317327722334732130e+02
-6.440631583459555713e+02
-6.784953622823906016e+02
-1.343207871489415481e+02
-6.700576737615771208e+02
-2.563540529282677198e+02
-1.287913687018161113e+02
-1.317377775734212833e+02
-3.953379508544764462e+02
-3.878343506720762548e+02
-3.888540693478620369e+02
-4.026434183026310052e+02
-2.633057994082885216e+02
-6.339663576919681418e+02
-4.222314650364919544e+02
-6.546531483336639212e+02
-6.070888418365652797e+02
-7.579033432251183058e+02
-2.609236654723100060e+02
-1.042418659977322250e+03
-1.045127290340300078e+03
-5.252994526478514672e+02
-4.041846231486579200e+02
-9.399041454963156639e+02
-5.207446555366055918e+02
-2.568798807118070044e+02
-8.323310577142219699e+02
-4.120267798488408744e+02
-5.409441364350562935e+02
-5.712635376270754932e+02
-5.957541661577125751e+02
-7.902587865602378088e+02
-5.218390306072689278e+00
-9.012683620300093708e+02
-3.824730055734196981e+02
-6.617159207327164339e+00
-9.224803589406874380e+02
-1.280850417115496782e+02
-2.550147542654350730e+02
-2.597324715069324270e+02
-1.070743159908958660e+03
-1.167723517531263042e+03
-1.116059543576357100e+03
-2.638895045353128239e+02
-1.146773781349364526e+03
-1.121770971099408143e+03
-1.280864965212664117e+02
-1.287674812902110659e+02
-1.100377729883422035e+03
-1.103403725618589078e+03
-1.149684026682044532e+03
-1.050717812066460283e+03
-1.072876012553234659e+03
-4.163194890023874564e+02
-1.177342597649499794e+03
-1.237216139349585774e+03
-2.574314396836456353e+02
-5.196554581973625773e+02
-1.260640338988622204e+02
-5.745018375961846004e+02
-1.080702729891890613e+03
-3.887214398532142354e+02
-1.303103581206347314e+02
-1.029648461790146484e+03
-9.536469397110049613e+02
-3.810943213516537185e+02
-1.037666268534360142e+03
-1.179812595555384860e+03
-1.335696362701349642e+02
-9.948504276179122598e+02
-1.269966523465524944e+02
-1.277169459513669949e+02
-1.302946008031922020e+03
-1.070115383866693264e+03
-1.367039606050946986e+03
-1.245841726631191477e+03
-1.043584075349881232e+03
-1.333156280172898050e+03
-1.237881610948960088e+03
-1.288817718926860152e+03
-1.162854250328415674e+03
-1.282351294599237974e+02
-7.808715157704160674e+02
-1.264578226798350215e+03
-4.025476183389379230e+02
-1.293956290360023104e+03
-1.336875490282183705e+02
-1.232327483872136327e+03
-2.714851222788671521e+02
-1.152142885651802089e+03
-1.355405151725598216e+02
-1.328700303995603690e+03
-2.861976221062413401e+02
-1.198118266376551219e+03
-5.154481766020423947e+02
-1.294878056492557562e+03
-1.745057333869135086e+00
-1.062788961758941468e+03
-1.381225374493365052e+03
-1.326037458183888475e+03
-1.042629225401839676e+03
-3.898296866386215811e+02
-1.319137282157699644e+02
-1.369686442455346878e+03
-1.284724885723578325e+02
-1.108019402725041573e+03
-2.691134582372479258e+02
-1.373677645511401579e+03
-1.295254348450457087e+02
-1.379613594783014605e+03
-1.242212233024378975e+03
-1.250889896867309290e+03
-1.291072016981661363e+02
-1.179854765367402251e+03
-1.294709142856696928e+02
-1.226244013178180239e+03
-1.288469004603123267e+02
-1.299595109776599202e+03
-1.259819402054600005e+03
-3.864222226478602238e+02
-1.239266962961540344e+02
-1.257140946155544270e+03
-1.106815869933582917e+03
-1.224733479318991840e+03
-1.099372589288388099e+03
-1.145823437062202856e+03
-9.486617627000232460e+02
-2.014374849789510424e+00
-1.064427383726698281e+03
-5.416159870385689601e+02
-6.705717426673433010e+02
-3.991635873800121885e+02
-5.185998322231623661e+02
-9.947378406147987562e+02
-1.060582426654117398e+03
-5.466377996150394658e+00
-3.978045603973063180e+02
-7.696895758010352893e+02
-9.176836345723412478e+02
-2.738761405156014916e+02
-5.233087868224274644e+02
-9.477609255135857893e+02
-8.911352999255180976e+02
-5.712977516877209609e+02
-6.724543671970817513e+02
-9.193276106802393315e+02
-8.766907321623642702e+02
-8.150377084775580983e+00
-4.114134816264564165e+02
-9.049763856962780437e+02
-6.624673172777922900e+02
-9.297520062779127556e+02
-1.314928963163431206e+02
-2.197895724432457065e+00
-1.043942371120182315e+03
-1.842400664170016356e+00
-5.288781673245014190e+02
-9.412732124741434063e+02
-9.993678817485254058e+02
-3.409006789251061154e+00
-6.384735851536676137e+02
-1.228193864536775664e+03
-1.001921395340603112e+03
-1.275738887041742373e+03
-1.194288736775888310e+03
-1.141689561742611659e+03
-1.383770844157222086e+02
-1.150707543601117095e+03
-2.654981640637161036e+02
-1.055642343637463227e+03
-5.848965287857727162e+02
-1.118293826539135807e+03
-1.073271623474851594e+03
-1.100380887108129400e+03
-1.070746083776681189e+03
-1.082292645909757539e+03
-7.447705335939871247e+02
-2.873911097249559816e+02
-1.121855089375386569e+03
-2.660454343828430410e+02
-1.074944382656147582e+03
-3.092252524039103037e+02
-1.092142277585392549e+03
-8.345385381434422243e+02
-3.847054245747212917e+02
-1.230530292678863134e+03
-1.372049111645022208e+02
-1.216526487138461562e+03
-1.195733786238211223e+03
-1.225329370241105153e+03
-1.231737612721311962e+03
-1.271803644326666472e+03
-1.347681673596935070e+03
-3.998295704344626529e+02
-1.108422461018760259e+03
-1.656314891060209220e+02
-5.220834284899657405e+02
-1.064171115308748661e+01
-1.121526739457324084e+03
-1.163650214131059556e+03
-1.221361691175594842e+03
-9.745058158369818813e+00
-1.224016164572550679e+03
-1.399646369334321037e+02
-1.057553674704745845e+03
-7.496987671390905383e+00
-2.842136115239908918e+02
-1.181174952979484033e+03
-1.161534315087483492e+03
-1.320814639875998182e+03
-1.335865976808557036e+02
-1.296407651609766845e+02
-1.398166319326814175e+02
-1.137052231888771303e+03
-3.000728908059384636e+00
-1.183300731567702996e+03
-1.558372644495977122e+00
-1.208332512697329093e+03
-1.233794676754437660e+03
-3.776657509380266120e+00
-1.102115506487267112e+03
-5.589041413431849605e+02
-1.133349369624640531e+03
-1.070095105972097144e+03
-7.925138307741250401e+02
-1.380345987535310428e+02
-1.101367354296955227e+03
-1.381457898806508808e+02
-9.255756432276328951e+02
-2.680403679188406159e+02
-1.055524320571155840e+03
-2.624766758842207537e+02
-1.357707353731726130e+02
-1.350670129511416064e+02
-6.585161191718215150e+02
-5.422976067496219912e+02
-1.313078967341102725e+02
-3.911506501983330395e+02
-1.300771421093347158e+02
-2.759400854932875458e+00
-1.292752621622228730e+02
-3.950452050702887732e+02
-1.091435416425518889e+00
-3.924538586780561218e+02
-2.226929495913005042e+00
-1.969934705767498073e+00
-2.582783695244922342e+02
-6.266494472390219244e+02
-6.530001582350956824e+02
-3.992424536063707023e+02
-1.320253082324542220e+02
-3.971886237398629191e+02
-2.578851048540603870e+02
-3.960308145520524477e+02
-6.584661977357782234e+02
-1.343137536551995765e+02
-1.362123611437177431e+02
-6.024928632066466889e+02
-2.577560585922048517e+02
-1.350927982352178276e+02
-5.334455846374072507e+02
-6.567284654102957120e+02
-6.046409996433691276e+02
-1.313557047717687567e+02
-5.061632579010118320e+02
-4.061338487862407192e+02
-3.847868199511426042e+02
-2.696662445434423603e+02
-1.280186018562397408e+02
-1.294228272524793510e+02
-4.080255345174934405e+02
-1.302892088638570556e+02
-1.281966146269667490e+02
-5.927870337920710426e+02
-1.248158573321555309e+02
-4.521460538044721602e+02
-2.584696864117687483e+02
-2.709637073747050522e+02
-1.295922320076893186e+02
-1.306404838436032207e+02
-2.642939578752332750e+02
-2.419377697510667780e+00
-1.155040264998419843e+03
-1.308354078531202731e+02
-4.296433776078043820e+02
-1.174236849271127312e+03
-4.306137371489757584e+02
-4.354900562456538182e+02
-1.316255785098174158e+02
-3.792432835048873585e+02
-4.095332329304266636e+02
-2.553831017124536800e+02
-2.583491763817443143e+02
-1.063455371141721571e+03
-9.122109151987414180e+02
-8.674171753585128499e+02
-2.498585070223079754e+02
-1.227233075897925573e+03
-2.552956604584278200e+00
-1.292791930150503674e+02
-3.562947166168685120e-01
-1.260063470875950173e+02
-2.647436291642632682e+02
-1.276878195500831225e+03
-1.181784296492821568e+03
-1.207790515106396123e+00
-1.258511673570069007e+02
-1.102386825069043880e+03
-1.312045181535011693e+02
-2.550154713383694514e+02
-3.918915180871616144e+02
-1.261418246316839316e+02
-4.169704062142808425e+02
-6.942464304770315948e+02
-3.871900528325495543e+02
-2.573561101721060140e+02
-2.665314601727005765e+02
-1.173958221533570212e+00
-1.266332905057512050e+02
-1.289309854996189415e+02
-3.898475767204699309e+02
-4.048235738661196024e+02
-1.276630053701226046e+02
-6.950084924398680641e+02
-1.319001783126543046e+02
-5.353169106210858672e+02
-1.274245695700635821e+02
-6.422401958986456716e-01
-5.136724309302358051e+02
-1.322583147201354734e+02
-4.049306758441415468e+02
-2.647875082853343542e+02
-1.250033782919093284e+02
-1.000361188664511474e+03
-1.370297767112267024e+02
-1.997645244953627719e+00
-1.226162870530216196e+03
-1.339277388142041048e+02
-1.299989299498766115e+02
-1.134586516440687774e+03
-1.315807759252610651e+02
-9.505826510168751611e+02
-4.032610721229433466e+02
-8.050876085112221290e+02
-4.121215627672735748e-01
-3.516210855416356806e-01
-1.314186483306416164e+02
-4.258405384164952352e+02
-8.007153483839327919e+02
-2.629188446501674434e+02
-1.309037651394648663e+02
-4.111478889000745767e+02
-2.673713689992893023e+02
-5.190207025233356717e+02
-1.309209036155264982e+02
-3.813142551764511836e+02
-5.861249228554554520e+02
-1.335462251305896473e+02
-3.952928290757581635e+02
-1.255589883014088031e+02
-3.908481431529845622e+02
-1.326012273862481834e+02
-2.642679475832617868e+02
-2.538794445175443570e+02
-3.918256522418550958e+02
-4.158509185247336291e+02
-2.661619279370924005e+02
-9.267967701161562672e+02
-4.959627237840785483e+02
-4.910616288537862033e+02
-1.341144573298882676e+02
-3.847600160613665707e+02
-9.033187833582582016e+02
-2.572818844314406874e+02
-1.325478096434420934e+02
-7.814504534020968549e+02
-3.947347180170002048e+02
-5.185937869618164768e+02
-1.294775561428324409e+02
-2.629925651756492471e+02
-3.910386764959725951e+02
-2.662635554631045238e+02
-1.292311973901274200e+02
-4.431717985875242789e+02
-1.295092714809042604e+02
-1.311195769768146420e+02
-7.981713562864349569e+02
-7.603453277549881477e+02
-2.531809450118883262e+02
-5.083006938693214920e+02
-1.302628355790069747e+02
-2.731504026996072412e+02
-1.302384478741871021e+02
-8.408404287847091609e+02
-3.946267865237697379e+02
-2.675939971067130045e+02
-2.625040141736280361e+02
-6.724285549628103809e+02
-1.395883227057362603e+02
-6.488794265551672424e+02
-2.661839829711425409e+02
-1.154183349599156372e+03
-3.942975066247896621e+00
-3.785034705511725974e+02
-2.533491549629767974e+02
-8.804756868239626000e-01
-2.597120589190986379e+02
-3.888216968267282141e+02
-1.278526050273268879e+02
-7.819061450586679030e+02
-1.367073117382744556e+02
-3.935022070091698083e+02
-7.796007549752578143e+02
-7.887151633000660240e+02
-6.842543005188699681e+02
-3.964253574371187483e+02
-1.380324806701561897e+02
-2.588355253014706250e+02
-1.314117598357266843e+02
-4.077376861890217583e+02
-4.481644916446480806e+02
-3.938053245006450425e+02
-6.266499624975498364e+02
-2.537986723186266431e+02
-5.103979954610488221e+02
-5.712294717711703242e+02
-1.756791247805953304e+00
-4.943788112970936481e+02
-3.797560975851159242e+02
-5.345597836693469844e+02
-3.247314054779037562e+00
-2.555680430616754677e+02
-5.130935329669104021e+02
-1.280753693350857816e+02
-1.304851160091977533e+02
-2.665811825817086742e+02
-2.636997084076518263e+02
-1.298688154746909049e+02
-2.543371515626610346e+02
-1.284858916456960003e+02
-2.681179171092143747e+02
-4.030013937603899876e+02
-2.507376240151024547e+02
-2.613553912696868906e+02
-3.835464588732020843e+02
-1.273356335221712357e+02
-1.259042677932955314e+02
-4.362224746624290219e+02
-1.258765944365283218e+02
-3.822876130734588855e+02
-9.538697483653103291e+02
-3.842398120306748410e+02
-3.007393033928084769e+00
-4.420201080312423301e+02
-6.610477537300712356e+02
-1.272972127328754937e+02
-1.303388278853217628e+02
-3.918304083764562620e+02
-1.306093520867033817e+02
-3.949926351165589722e+02
-6.312398949051550856e-01
-9.993714650339775574e-01
-1.305203903823281735e+02
-3.875561443584355743e+02
-5.202346604236684016e+02
-1.318824611956964645e+02
-1.241714607252977913e+02
-1.183590077361889481e+00
-2.673866561778771143e+02
-2.644482515538568919e+02
-1.306832341336186687e+02
-2.567581717376305619e+02
-2.605505970492941969e+02
-6.418377419570745701e+00
-1.303297154342928934e+02
-3.905829325777526719e+02
-2.516415570800935768e+02
-1.211909497320458495e+00
-3.811967313039663736e+02
-1.284252813300094829e+02
-1.312028089784209897e+02
-4.971016898156573802e+02
-1.284502284600618225e+02
-1.293675807459331395e+02
-2.637630598547907539e+02
-1.296236587330425891e+02
-2.573673477161700589e+02
-2.618524959658070088e+02
-2.610111937096032193e+02
-4.663663388328185988e+02
-1.270781551203569535e+02
-8.202119388510242288e+02
-3.799594595189377628e+02
-2.622620174417795056e+02
-5.143883256197447054e+02
-2.577516239161544718e+02
-1.313339348119264969e+02
-1.339399323305280802e+02
-1.319315658534140141e+02
-2.634089714124152124e+02
-7.854920604918206664e+02
-1.270799688243402841e+02
-1.301871786342519783e+02
-3.932954817606391771e+02
-1.269107135247176785e+02
-1.269551664298058284e+02
-1.270364445717021482e+02
-3.932105959887332460e+02
-3.384014030374073112e+00
-1.296167759797773442e+02
-1.314488061199936624e+02
-2.540173542052204141e+02
-1.318031017460834846e+02
-9.923152969592861155e+02
-1.278367143582912462e+02
-6.553239350462490842e-01
-2.507200277183717958e+02
-3.805911650617433306e+00
-9.476602627957531695e+02
-2.591803245476808684e+02
-1.291701067976569846e+02
-2.658495924142576428e+02
-2.543223678338749778e+02
-4.608997142983374715e+02
-2.643472728414079143e+02
-1.326583426155191887e+02
-1.250235169885876871e+02
-1.036979363642526323e+03
-2.465543885640828705e+02
-7.555960742312804541e+02
-1.278199706840615022e+02
-1.304539424824846776e+02
-1.323368655455444127e+02
-1.281408449934708926e+02
-3.773053889624883368e+02
-1.320333095788363664e+02
-1.303732778306976172e+02
-1.332965927988061026e+02
-1.104682328434028250e+03
-9.002653474902612061e+02
-1.326565595726109166e+02
-8.016621514997316353e+02
-1.260043935360752982e+02
-4.755993502037177905e+02
-1.091529354688940884e+03
-8.980530177424772091e+02
-4.379565665714159195e+02
-1.314512177154342680e+02
-1.276771201396079789e+02
-2.538168261550900979e+02
-1.088254362341501746e+03
-2.678279409008068797e+02
-2.586110569397264385e+02
-1.151983672044342484e+03
-2.495545913814564187e+02
-3.772344319791770317e+02
-2.717471923516110337e+02
-1.297040292425458574e+02
-3.786629441007754053e+02
-8.682857446419558300e+02
-9.183175065629757228e+02
-7.661803400101690613e+02
-1.322960342686789375e+02
-9.738914825749664033e+02
-1.273871931697543687e+02
-1.332911578537062951e+02
-5.338862323692713971e+02
-1.275131706020204092e+02
-5.337211616252710655e+02
-4.621282467497231039e+00
-2.560563226191254103e+02
-3.760206071942739641e+02
-1.331202909825140068e+02
-1.316692462937640187e+02
-1.328768236461768311e+02
-4.098924818404467487e+02
-1.323165647367197550e+02
-2.639277697301794205e+02
-1.332869972478683849e+02
-2.749554161313598115e+02
-1.287261330597999631e+02
-1.309338287719525624e+02
-1.279413778174053675e+02
-2.589046820177674704e+02
-3.821341049558588452e+02
-3.770172446563277617e+02
-1.333106298589761707e+02
-1.259440915439400044e+02
-3.924643138808805247e+02
-1.291562928794900813e+02
-1.331617093243815386e+00
-2.589139209975358540e+02
-6.437257868032634223e-01
-2.672755031465363231e+02
-3.730445331572080931e+02
-9.057246343754110285e+02
-2.594324018583151314e+02
-2.621233902323414782e+02
-3.855787279267401004e+02
-5.280436769883692705e+02
-1.286445237545914608e+02
-2.633959848172628426e+02
-1.281261578534123089e+02
-3.929480070480591962e+02
-3.903919941781546754e+02
-2.594965813472898617e+02
-1.226698004849114056e+02
-1.321831981107431488e+02
-1.275796428218374388e+02
-1.275875839934403189e+02
-2.626232015591891695e+02
-1.792589869804579461e+00
-2.752197124436717672e+02
-3.968232222805009428e+02
-1.215340989942907957e+00
-1.339662144544563773e+02
-7.491708514645367814e+02
-2.540579980259574882e+02
-9.372258283500141260e+02
-2.681407407841918484e+02
-1.273442553642501167e+02
-1.306721176965115205e+02
-1.267614587395802772e+02
-1.274749272052210074e+02
-1.283113396309102825e+02
-3.754559382697335082e+02
-1.303322993658339044e+02
-2.684418610098574618e+02
-2.779489326856618163e+02
-3.664531926796850030e+02
-7.947930224332457101e+02
-1.301241047129358037e+02
-2.694776090887675650e+02
-1.291978124329396280e+02
-2.601992943058987748e+02
-2.706430883950314978e+02
-3.598959306027526850e+02
-1.076761246935375539e+03
-2.597791552994428343e+02
-1.416190787861160372e+00
-8.236131531288477525e-01
-9.648710562676150460e-01
-3.997621848635550350e+02
-1.265471227275314305e+02
-1.274454655522587956e+02
-2.682058037274950948e+02
-2.447578289723838623e+02
-2.443615713390810740e+00
-3.886370713607142875e+02
-1.278331662265355249e+02
-2.675257788622665771e+02
-3.838395073131040931e+02
-1.308729749033326470e+02
-2.531296334838311850e+02
-2.630404629721559218e+02
-2.794298786259012672e+02
-2.619644172148042003e+02
-2.458131449248357114e+02
-1.278812258964678250e+02
-1.298737608915497503e+02
-2.629234760068032415e+02
-1.298888225797362566e+02
-1.274751800778655166e+02
-2.674888669763531652e+02
-1.269803329121589286e+02
-1.269378053201739931e+02
-2.601301085972217493e+02
-5.309947446358499974e+02
-9.226070927575294718e+02
-7.685630884889415029e+02
